D: 46650
Mf: 9
Ms: 18.4
As: 34.5
Af: 49
eps_l: 0.067
Cm: 10.3
Ca: 10.3
delta_eps_j: 0.00005  # 加载段步长
delta_eps_x: 0.00005  # 卸载段步长
eps_0: 0              # 材料初始状态下的应力应变